Filer	SECTIONS
54	1
108	0
124	2
146	1
176	1
220	0
235	2
352	1
362	2
430	1
473	2
491	1
511	1
756	8
866	26
1003	1
1015	4
1017	1
1081	1
1231	1
1233	1
1246	1
1268	1
1299	1
1342	0
1362	1
1392	1
1427	2
1519	1
1636	1
1644	0
1690	2
1725	1
1904	1
2034	2
2100	1
2140	1
2212	1
2264	2
2320	1
2328	1
2383	0
2412	0
2417	0
2499	0
2515	1
2543	1
2565	1
2575	1
2583	2
2608	2
2666	1
2682	9
2753	2
2786	0
2822	1
3023	0
3089	0
3090	0
3144	1
3148	1
3185	1
3187	3
3239	0
3264	1
3319	1
3370	1
3405	10
3602	1
3660	1
3749	1
3777	1
3823	1
3880	1
3931	2
3950	0
4029	1
4059	1
4111	1
4141	1
4165	1
4230	1
4281	1
4335	1
4361	2
4444	1
4482	1
4595	1
4688	1
4775	1
4819	1
5014	1
5050	1
5079	1
5093	1
5124	1
